0.171379
0.046705
0.045591
0.056675
0.064221
0.076167
0.047000
0.057928
0.064778
0.071520
0.051652
0.066200
0.064969
0.079174
0.058481
0.055883
0.065011
0.049374
0.054400
0.049719
0.056037
0.067135
0.051568
0.065404
0.066422
0.084307
0.086263
0.083636
0.088100
0.085557
0.084342
0.086511
0.084395
0.087443
0.084139
0.088898
0.087172
0.087457
0.086577
0.086821
0.087790
0.088579
0.089484
0.090220
0.086472
0.087649
0.087721
0.087438
0.088020
0.087057
0.429757
0.381808
0.381130
0.382136
0.383801
0.388933
0.388992
0.388832
0.388961
0.390226
0.394640
0.393361
0.392799
0.393004
0.392804
0.395658
0.395470
0.393977
0.393838
0.396941
0.391991
0.393621
0.394006
0.394236
0.392118
3.472831
3.477090
3.502608
3.472376
3.469676
3.553656
3.524371
3.523172
3.522629
3.508963
3.542692
3.542183
3.548745
3.550221
3.538281
3.554011
3.546893
3.546650
3.535726
3.544554
3.539793
3.519902
3.526960
3.535139
3.528487
